Canonical Form:
Tableau 0:
11.000	8.000	6.000	14.000	10.000	10.000	1.000	40.000	
-2.000	-3.000	-3.000	-5.000	-2.000	-4.000	0.000	0.000	

Tableau 1:
0.786	0.571	0.429	1.000	0.714	0.714	0.071	2.857	
1.929	-0.143	-0.857	0.000	1.571	-0.429	0.357	14.286	

Tableau 2:
1.833	1.333	1.000	2.333	1.667	1.667	0.167	6.667	
3.500	1.000	0.000	2.000	3.000	1.000	0.500	20.000	

Optimal solution found:
Solution: 0.000, 0.000, 6.667, 0.000, 0.000, 0.000
Optimal Objective Value: 20.000

Revised Primal Simplex

Canonical Form:
Tableau:
11.000	8.000	6.000	14.000	10.000	10.000	1.000	40.000	
-2.000	-3.000	-3.000	-5.000	-2.000	-4.000	0.000	0.000	

Iteration 1:
Current basis inverse:
0.091	

Tableau:
11.000	8.000	6.000	14.000	10.000	10.000	1.000	3.636	
-2.000	-3.000	-3.000	-5.000	-2.000	-4.000	0.000	0.000	

Optimal solution found:
Solution: 3.636, 0.000, 0.000, 0.000, 0.000, 0.000
Optimal Objective Value: 0.000
